name: base
channels:
- bioconda
- conda-forge
dependencies:
- _libgcc_mutex=0.1=conda_forge
- _openmp_mutex=4.5=2_gnu
- aria2=1.37.0=hbc8128a_2
- blast=2.17.0=h66d330f_0
- bzip2=1.0.8=h4bc722e_7
- c-ares=1.34.5=hb9d3cd8_0
- ca-certificates=2025.8.3=hbd8a1cb_0
- coreutils=9.5=hd590300_0
- curl=8.14.1=h332b0f4_0
- entrez-direct=24.0=he881be0_0
- gawk=5.3.1=hcd3d067_0
- gmp=6.3.0=hac33072_2
- grep=3.11=h7af0fdc_3
- keyutils=1.6.3=hb9d3cd8_0
- kraken2=2.1.3=pl5321h077b44d_4
- krb5=1.21.3=h659f571_0
- ld_impl_linux-64=2.44=h1423503_1
- libasprintf=0.25.1=h3f43e3d_1
- libcurl=8.14.1=h332b0f4_0
- libedit=3.1.20250104=pl5321h7949ede_0
- libev=4.33=hd590300_2
- libexpat=2.7.1=hecca717_0
- libffi=3.4.6=h2dba641_1
- libgcc=15.1.0=h767d61c_4
- libgcc-ng=15.1.0=h69a702a_4
- libgettextpo=0.25.1=h3f43e3d_1
- libgomp=15.1.0=h767d61c_4
- libiconv=1.18=h3b78370_2
- libidn2=2.3.8=ha4ef2c3_0
- liblzma=5.8.1=hb9d3cd8_2
- libmpdec=4.0.0=hb9d3cd8_0
- libnghttp2=1.64.0=h161d5f1_0
- libsqlite=3.50.4=h0c1763c_0
- libssh2=1.11.1=hcf80075_0
- libstdcxx=15.1.0=h8f9b012_4
- libstdcxx-ng=15.1.0=h4852527_4
- libunistring=0.9.10=h7f98852_0
- libuuid=2.38.1=h0b41bf4_0
- libxcrypt=4.4.36=hd590300_1
- libxml2=2.13.8=h2cb61b6_1
- libzlib=1.3.1=hb9d3cd8_2
- lz4-c=1.10.0=h5888daf_1
- mpfr=4.2.1=h90cbb55_3
- ncbi-vdb=3.2.1=h9948957_0
- ncurses=6.5=h2d0b736_3
- openssl=3.5.2=h26f9b46_0
- pcre2=10.44=hc749103_2
- perl=5.32.1=7_hd590300_perl5
- perl-archive-tar=3.04=pl5321hdfd78af_0
- perl-carp=1.50=pl5321hd8ed1ab_0
- perl-common-sense=3.75=pl5321hd8ed1ab_0
- perl-compress-raw-bzip2=2.213=pl5321hda65f42_0
- perl-compress-raw-zlib=2.202=pl5321hadc24fc_0
- perl-encode=3.21=pl5321hb9d3cd8_1
- perl-exporter=5.74=pl5321hd8ed1ab_0
- perl-exporter-tiny=1.002002=pl5321hd8ed1ab_0
- perl-extutils-makemaker=7.70=pl5321hd8ed1ab_0
- perl-io-compress=2.201=pl5321h503566f_5
- perl-io-zlib=1.15=pl5321hdfd78af_1
- perl-json=4.10=pl5321hdfd78af_1
- perl-json-xs=4.03=pl5321h9948957_4
- perl-list-moreutils=0.430=pl5321hdfd78af_0
- perl-list-moreutils-xs=0.430=pl5321h7b50bb2_5
- perl-parent=0.243=pl5321hd8ed1ab_0
- perl-pathtools=3.75=pl5321hb9d3cd8_2
- perl-scalar-list-utils=1.70=pl5321hb03c661_0
- perl-storable=3.15=pl5321hb9d3cd8_2
- perl-types-serialiser=1.01=pl5321hdfd78af_0
- pigz=2.8=hadc24fc_1
- pip=25.2=pyh145f28c_0
- popt=1.16=h0b475e3_2002
- python=3.13.5=hec9711d_102_cp313
- python_abi=3.13=8_cp313
- readline=8.2=h8c095d6_2
- rsync=3.4.1=h81c0278_2
- sed=4.9=h6688a6e_0
- tar=1.35=h3b78370_0
- tk=8.6.13=noxft_hd72426e_102
- tzdata=2025b=h78e105d_0
- wget=1.21.4=hda4d442_0
- xxhash=0.8.3=hb47aa4a_0
- zlib=1.3.1=hb9d3cd8_2
- zstd=1.5.7=hb8e6e7a_2